[header]
width=32
height=32
tilewidth=32
tileheight=32

[tilesets]
tileset=../../data-src/tileset.png,32,32,0,0

[layer]
type=1
data=
0,0,0,0,0,0,0,0,0,0,0,0,0,20,20,1,1,1,20,0,0,0,0,0,0,0,0,0,0,0,0,0,
0,0,0,0,0,0,0,0,0,0,0,0,20,20,20,1,1,1,20,20,20,0,0,0,0,0,0,0,0,0,0,0,
0,0,0,0,0,0,0,0,0,0,0,20,20,20,20,1,1,1,1,4,20,0,0,0,0,0,0,0,0,0,0,0,
0,0,0,0,0,0,0,0,0,0,20,20,20,4,4,1,1,1,1,4,20,0,0,0,0,0,0,0,0,0,0,0,
0,0,0,0,0,0,0,0,0,0,20,20,4,27,1,1,1,1,1,20,20,0,0,0,0,0,0,0,0,0,0,0,
0,0,0,0,0,0,0,0,0,20,20,20,20,1,1,1,1,1,1,20,20,0,0,0,0,0,0,0,0,0,0,0,
0,0,0,0,0,0,0,0,0,20,20,20,1,1,1,1,1,1,1,20,20,0,0,0,0,0,0,0,0,0,0,0,
0,0,0,0,0,0,0,0,0,20,20,20,1,1,1,1,1,1,1,20,20,0,20,0,0,0,0,0,0,0,0,0,
0,0,0,0,0,0,0,0,20,20,4,1,1,1,1,1,1,1,1,4,20,0,20,20,0,0,0,0,0,0,0,0,
0,0,0,0,0,0,0,0,20,4,4,1,1,1,1,1,1,1,1,27,20,20,0,20,0,0,0,0,0,0,0,0,
0,0,0,0,0,0,0,20,12,4,1,1,1,1,1,1,1,1,1,4,4,0,20,0,20,0,0,0,0,0,0,0,
0,0,0,0,0,0,0,0,12,4,1,1,1,1,1,1,1,1,1,1,4,4,20,0,0,20,0,0,0,0,0,0,
0,0,0,0,0,0,0,12,4,1,1,1,1,1,1,1,1,1,1,1,1,1,20,4,0,20,20,0,0,0,0,0,
0,0,0,0,0,0,0,12,20,1,1,1,1,1,1,1,1,1,1,1,1,1,20,20,0,0,20,0,0,0,0,0,
0,0,0,0,0,0,0,12,20,4,1,1,1,1,1,1,1,1,1,1,1,1,1,20,20,0,20,0,0,0,0,0,
0,0,0,0,0,0,0,12,20,4,1,1,1,1,1,1,1,1,1,1,1,1,1,4,20,0,20,20,0,0,0,0,
0,0,0,0,0,0,0,12,12,4,1,1,1,1,1,1,1,1,1,1,1,1,1,1,4,20,4,20,20,0,0,0,
0,0,0,0,0,0,0,0,20,4,27,1,1,1,1,1,1,1,1,1,1,1,1,1,1,20,4,0,20,0,0,0,
0,0,0,0,0,0,0,0,20,0,27,1,1,1,1,1,1,1,1,1,1,1,1,1,1,20,27,0,20,0,0,0,
0,0,0,0,0,0,0,0,20,20,20,20,1,1,1,1,1,1,1,1,1,1,1,1,1,20,27,0,0,20,0,0,
0,0,0,0,0,0,0,0,20,20,0,4,4,1,1,1,1,1,1,1,1,1,1,1,1,20,20,0,0,20,0,0,
0,0,0,0,0,0,0,0,20,20,20,20,20,20,1,1,1,1,1,1,1,1,1,1,1,1,20,4,4,0,0,0,
0,0,0,0,0,0,0,0,20,0,20,0,0,4,1,1,1,1,1,1,1,1,1,1,1,1,20,20,4,0,0,0,
0,0,0,0,0,0,0,0,20,0,20,0,0,4,4,1,1,1,1,1,1,1,1,1,1,1,1,1,4,4,4,0,
0,0,0,0,0,0,0,0,0,0,20,0,20,20,20,4,4,1,1,1,1,1,1,1,1,1,1,1,1,1,4,0,
0,0,0,0,0,0,0,0,0,0,0,20,20,4,20,20,4,1,1,1,1,1,1,1,1,1,1,1,1,1,4,0,
0,0,0,0,0,0,0,0,0,0,0,20,20,20,20,0,4,4,1,1,1,1,1,1,1,1,1,1,1,1,4,0,
0,0,0,0,0,0,0,0,0,0,0,20,0,20,20,0,4,4,4,1,1,1,1,1,1,1,1,1,1,1,4,0,
0,0,0,0,0,0,0,0,0,0,0,0,0,0,20,20,20,20,20,20,4,27,27,4,4,4,1,1,1,4,4,0,
0,0,0,0,0,0,0,0,0,0,0,0,0,0,0,20,20,0,0,0,0,0,4,4,20,20,20,4,4,4,0,0,
0,0,0,0,0,0,0,0,0,0,0,0,0,0,0,0,0,20,20,0,0,0,0,0,0,0,0,0,0,0,0,0,
0,0,0,0,0,0,0,0,0,0,0,0,0,0,0,0,0,0,0,20,20,0,0,0,0,0,0,0,0,0,0,0

[object]
# plank
type=1
location=15.2917,11.25,2.04167,2.125

[object]
# robot
type=59
location=13.9583,18.9583,2.08333,2.125

